568 0 4
4128 613 10
5220 53 10
5385 501 10
7293 531 10
7441 457 10
7578 982 10
9815 419 10
10078 103 10
11512 619 10
11702 112 10
11834 120 10
11976 475 10
13095 1150 10
13232 475 10
13378 1355 10
15510 332 10
15584 62 10
15764 485 10
15773 445 10
17361 1159 10
17398 1 10
17483 1196 10
17617 417 10
17771 556 10
18163 384 10
18268 1004 10
18377 922 10
18988 54 10
19059 497 10
19335 486 10
20210 463 10
20406 88 10
22421 92 10
22512 860 10
23350 542 10
24088 461 10
24431 347 10
25043 48 10
25237 973 10
25346 378 10
25630 603 10
25666 101 10
25739 539 10
25752 664 10
25858 1169 10
25893 352 10
26173 143 10
26973 457 10
27065 102 10
27798 1108 10
27870 767 10
27959 13 10
28048 780 10
28256 92 10
28368 1055 10
28465 318 10
28725 137 10
29082 422 10
30064 309 10
30207 711 10
30390 714 10
30485 360 10
30579 664 10
30900 59 10
31104 927 10
31111 402 10
31310 529 10
31346 420 10
32495 710 10
33948 572 10
34133 404 10
34273 648 10
34411 534 10
34589 1132 10
35260 312 10
35710 415 10
35778 111 10
35895 860 10
37473 1081 10
37541 558 10
37656 472 10
37659 817 10
37728 863 10
37810 507 10
38006 748 10
38038 919 10
38195 368 10
38379 328 10
38419 451 10
38826 800 10
39011 946 10
39058 590 10
39177 700 10
39206 885 10
40022 780 10
40161 1028 10
40315 555 10
40503 744 10
40759 1112 10
41200 887 10
41730 1125 10
42122 554 10
42340 406 10
42454 738 10
42932 628 10
44149 1126 10
44225 409 10
44634 484 10
